20, 20
10.1614,-2.49428 9.89677,-3.72835 9.49624,-4.973 8.92826,-6.14608 8.15028,-7.11903 7.10719,-7.71053 5.73454,-7.6945 3.97084,-6.83322 1.77977,-4.93689 -0.826565,-1.92774 -3.77912,2.13078 -6.96646,7.06085 -10.2625,12.6321 -13.5512,18.6195 -16.739,24.8357 -19.7584,31.1412 -20.3958,31.2506 -20.7929,31.2751 -20.9431,31.1702 -20.8601,30.9216 
11.1668,-3.18452 10.9615,-4.67239 10.6276,-6.25875 10.1346,-7.87245 9.43681,-9.37982 8.46663,-10.5635 7.13193,-11.1162 5.32939,-10.6775 2.98286,-8.93473 0.0943897,-5.75742 -3.23318,-1.26481 -6.82684,4.23496 -10.4981,10.3678 -14.0743,16.7656 -17.3694,22.983 -19.9797,27.9248 -21.4012,30.1846 -22.0648,30.9942 -22.2997,31.2582 -22.2079,31.195 
12.1709,-3.5919 12.0214,-5.30514 11.7539,-7.22706 11.3447,-9.31692 10.7531,-11.4597 9.90585,-13.4198 8.68005,-14.7973 6.90444,-15.0383 4.41956,-13.5934 1.19715,-10.2206 -2.59383,-5.16302 -6.66502,1.01524 -10.7315,7.70977 -14.5585,14.3862 -17.9249,20.494 -20.5718,25.3454 -22.3254,28.4817 -23.2858,30.1998 -23.646,31.0113 -23.5547,31.2386 
13.1499,-3.6279 13.0409,-5.49533 12.823,-7.69272 12.4853,-10.2347 12.0053,-13.0654 11.3249,-15.9835 10.3057,-18.5263 8.67798,-19.8609 6.09713,-18.9426 2.43753,-15.2419 -1.98452,-9.3027 -6.65601,-2.19747 -11.1707,5.17489 -15.2743,12.2093 -18.7915,18.4498 -21.5743,23.5057 -23.5287,27.158 -24.6647,29.4803 -25.0839,30.7328 -24.9395,31.2062 
14.0839,-3.21841 13.9865,-5.11591 13.778,-7.45123 13.4625,-10.3164 13.0489,-13.7631 12.5307,-17.7196 11.818,-21.8053 10.5664,-24.9387 8.01836,-25.0151 3.69528,-20.5889 -1.66155,-13.1298 -7.07734,-4.76977 -12.057,3.35852 -16.4166,10.7675 -20.0836,17.2038 -23.0014,22.4857 -25.0995,26.4865 -26.3158,29.1722 -26.6817,30.6599 -26.3769,31.2266 
14.9633,-2.32774 14.8378,-4.0784 14.5748,-6.3243 14.1845,-9.23824 13.7041,-13.0048 13.2031,-17.7652 12.7532,-23.483 12.2146,-29.4395 10.1829,-31.8637 4.5642,-25.4018 -2.17182,-15.4466 -8.33675,-5.78179 -13.6368,2.86787 -18.0991,10.4173 -21.8053,16.8892 -24.8006,22.2853 -27.0267,26.5274 -28.2777,29.4216 -28.4409,30.9003 -27.8155,31.3344 
15.7949,-0.986748 15.6005,-2.37955 15.2086,-4.23465 14.6111,-6.78089 13.8358,-10.3051 12.9804,-15.1108 12.2528,-21.4614 11.9844,-29.561 12.5872,-39.582 3.32871,-25.8408 -4.48892,-14.112 -10.8971,-4.20396 -16.0928,4.17332 -20.331,11.3143 -23.8396,17.4503 -26.7754,22.7257 -29.157,27.149 -30.5382,30.2629 -30.2298,31.3749 -29.0807,31.4049 
16.6045,0.683231 16.3146,-0.147705 15.7367,-1.29055 14.8125,-2.9853 13.4962,-5.56453 11.7957,-9.3537 9.81531,-14.4234 7.60687,-20.0549 4.10725,-22.5097 -2.40941,-16.5773 -9.28812,-7.73873 -14.9542,0.366365 -19.41,7.31786 -22.9738,13.3231 -25.9397,18.6172 -28.5186,23.3657 -30.8535,27.6811 -33.0445,31.6514 -31.4509,31.4858 -29.8316,31.1148 
17.4307,2.46224 17.0473,2.32959 16.2755,2.15525 14.9868,1.74381 13.0066,0.730642 10.1461,-1.28404 6.31382,-4.17227 1.53838,-6.68539 -4.18501,-6.67595 -10.4272,-3.15728 -15.9604,2.02766 -20.1586,7.11507 -23.2762,11.7313 -25.7326,15.9884 -27.8113,19.9879 -29.6474,23.7444 -31.2097,27.143 -31.9951,29.6123 -31.2611,30.3566 -29.8108,30.2082 
18.313,4.052 17.8696,4.61516 16.9563,5.49051 15.3902,6.62051 12.862,7.63007 8.88051,7.6519 3.08593,6.46407 -4.25379,5.84949 -12.2654,7.41064 -19.2072,10.3391 -23.5085,12.6959 -25.73,14.4508 -27.0865,16.3511 -28.1829,18.6189 -29.2046,21.1543 -30.1425,23.7514 -30.8402,26.1213 -30.9841,27.8609 -30.359,28.7035 -29.1767,28.8502 
19.2783,5.13641 18.8272,6.19336 17.8558,7.88478 16.1796,10.4202 13.4769,13.7689 8.86931,16.1279 1.19715,14.908 -8.69688,14.7852 -19.6758,18.426 -28.5742,22.8167 -30.8857,22.2311 -30.4684,20.4386 -29.9868,19.8663 -29.8165,20.4374 -29.8942,21.7341 -30.0653,23.3615 -30.1326,24.9652 -29.8894,26.2379 -29.2225,27.0075 -28.1887,27.3043 
20.3357,5.48313 19.9324,6.63981 18.966,8.51319 17.2586,11.4696 14.6093,16.0952 10.7985,23.3242 1.02484,17.1008 -10.4039,16.4172 -23.6425,22.189 -38.6542,33.9776 -34.9888,26.6908 -32.5626,22.7496 -31.0498,21.0569 -30.1684,20.8101 -29.6803,21.4274 -29.3774,22.4757 -29.0724,23.6206 -28.6117,24.6141 -27.9109,25.3143 -26.9736,25.6942 
21.4797,5.04898 21.1872,5.85837 20.2764,7.11738 18.5014,8.92587 15.497,11.1195 10.3946,11.8422 2.09661,8.90242 -8.49259,8.3046 -20.1191,13.6256 -29.3718,20.3973 -31.6348,21.4036 -30.8558,20.1916 -29.8351,19.4925 -29.046,19.5452 -28.4841,20.1469 -28.0468,21.0482 -27.6162,22.028 -27.0927,22.9156 -26.4169,23.6059 -25.5787,24.0612 
22.6875,4.01154 22.5949,4.1806 21.8509,4.36179 20.1284,4.31042 16.9936,3.38274 11.9597,0.411743 4.85286,-4.71371 -3.92307,-7.22847 -13.426,-0.959325 -21.0916,7.27057 -25.1694,12.3307 -26.5615,14.6839 -26.7973,15.9697 -26.6583,17.0188 -26.4156,18.0804 -26.1281,19.1662 -25.7767,20.2092 -25.3239,21.1323 -24.7432,21.8794 -24.0302,22.4267 
23.8988,2.68622 24.1195,2.17709 23.7307,1.33055 22.3423,-0.232254 19.4719,-3.15579 14.8317,-8.25915 8.68646,-16.1013 1.86987,-26.7361 -6.90011,-13.1626 -13.9899,-2.74636 -18.7488,4.39402 -21.4501,8.91796 -22.8237,11.8416 -23.4707,13.9325 -23.7311,15.6023 -23.7629,17.0267 -23.627,18.2602 -23.3422,19.3069 -22.9154,20.1589 -22.3568,20.815 
24.9929,1.38873 25.6208,0.360553 25.7964,-1.15184 25.0854,-3.47396 22.7522,-7.03353 18.3277,-12.1274 12.3549,-18.1905 5.52656,-21.3003 -1.73756,-15.8827 -8.19934,-7.70603 -13.12,-0.769004 -16.4896,4.40332 -18.6417,8.15364 -19.9582,10.9398 -20.7288,13.1064 -21.1345,14.8607 -21.2777,16.3114 -21.2144,17.5114 -20.9785,18.4871 -20.5954,19.2572 
25.7878,0.335378 26.8173,-0.982515 27.6592,-2.75395 28.0147,-5.15783 26.6639,-8.38326 21.9426,-12.3651 15.5856,-15.9987 8.87387,-17.0912 2.29503,-14.1819 -3.60909,-8.85101 -8.42845,-3.28762 -12.0719,1.51625 -14.6784,5.38197 -16.4725,8.44078 -17.6661,10.882 -18.4209,12.8617 -18.8478,14.486 -19.0202,15.8219 -18.988,16.9122 -18.7881,17.787 
26.0941,-0.380725 27.3482,-1.79143 28.5995,-3.54143 29.8497,-5.6628 31.1172,-8.06946 24.4162,-11.0792 17.8191,-13.2873 11.4142,-13.6999 5.37465,-11.8271 -0.0484333,-8.25685 -4.63983,-4.0554 -8.3196,0.000994922 -11.1402,3.56797 -13.2282,6.57637 -14.7273,9.07681 -15.7654,11.1506 -16.4432,12.8723 -16.8362,14.2997 -17.0003,15.4761 -16.9783,16.4345 
25.8152,-0.757865 27.0123,-2.13503 28.1104,-3.73903 28.844,-5.55052 28.0249,-7.52142 24.0068,-9.47932 18.5314,-10.8065 12.8979,-10.9099 7.51149,-9.5663 2.6021,-7.03746 -1.67224,-3.86792 -5.23766,-0.567103 -8.10324,2.54312 -10.3353,5.31758 -12.0259,7.72223 -13.2685,9.77621 -14.1461,11.5167 -14.7268,12.9824 -15.0655,14.2076 -15.2059,15.2218 
25.0074,-0.839718 25.9481,-2.11459 26.6069,-3.52674 26.6224,-5.03401 25.3381,-6.54427 22.3305,-7.85828 18.1168,-8.64025 13.4543,-8.57278 8.81472,-7.53287 4.46805,-5.64729 0.576221,-3.21157 -2.77686,-0.548079 -5.57136,2.09283 -7.8342,4.55916 -9.61933,6.77952 -10.9909,8.73385 -12.0122,10.4291 -12.7402,11.884 -13.2237,13.1206 -13.5043,14.1612 
